174055
174026
81806
173760
173752
156986
84313
170364
170122
170097
170096
169851
169848
169819
169242
169029
168304
168293
168292
168040
168023
167793
167777
167609
167224
167214
167213
166789
165508
165507
165263
165259
164879
164710
164705
164692
164517
84302
162922
162791
162561
162553
162167
161914
161909
85034
159872
159870
84318
84315
85014
85013
80945
82728
115773
150774
150762
150757
146852
146564
84317
84297
83689
83688
83382
83240
82668
82667
82653
82652
82039
81936
81145
80894
80794
80519
115864
115860
81913
116925
118817
121531
81919
81433
128664
128662
130215
130214
129905
132496
132495
133672
133837
135718
135716
129909
129908
136800
136799
137792
137527
137269
137268
137267
137776
138807
138806
139026
82689
82688
140280
129662
141230
141228
140607
141886
141880
141628
81902
84900
143490
84316